0000000000000000000001111111111111111110010000000010000000000100000000100000000001000000001000000000010000000010000000000100000000100000000001000000001000000000001000000100000000000010000001000000000000010000100000000000000011110000000000000000000000000000000000000000000000000000000000000000000000000000000000000000000000000000000000000000000000000000000000000000000000000000000000000000000000000000
0000000000000000000000000000000000000000001111111111111111000010000000110000000000100000000100000000001000000001000000000010000000010000000000100000000100000000001000000001000000000010000000110000000000110000001000000000000110000110000000000000111111000000000000000000000000000000000000000000000000000000000000000000000000000000000000000000000000000000000000000000000000000000000000000000000000000000
0000000000000000000000000000000000000000000111111111111111000001000000100000000000010000001000000000000100000010000000000001000000100000000000010000001000000000000100000010000000000001000000100000000000011000011000000000000011111100000000000000000000000000000000000000000000000000000000000000000000000000000000000000000000000000000000000000000000000000000000000000000000000000000000000000000000000000
0000000000000000000000000000000000000000000000000000000000000011111111111111110000100000001000000000001000000010000000000010000000100000000000100000001000000000001000000010000000000010000000100000000000100000001000000000001000000110000000000011111110000000000000000000000000000000000000000000000000000000000000000000000000000000000000000000000000000000000000000000000000000000000000000000000000000000
0000000000000000000000000000000000000000000111111111111111000001000000010000000000010000000100000000000100000001000000000001000000010000000000010000000100000000000100000001000000000001000000010000000000011000000100000000000011100010000000000000001111100000000000000000000000000000000000000000000000000000000000000000000000000000000000000000000000000000000000000000000000000000000000000000000000000000
0000000000000000000000000000000000000000000000000000000000000111111111111111110001000000011000000000010000000111000000000100000001010000000001000000010110000000011000000100011000000010000110000001100000100011000000001100000111100000000001000000000000000000000000000000000000000000000000000000000000000000000000000000000000000000000000000000000000000000000000000000000000000000000000000000000000000000
0000000000000000000000000000000000000000000000000011111111000001111111000000000000010000010000000000000100000100000000000001000001000000000000010000010000000000000110000100000000000000110001000000000000000110110000000000000000111000000000000000000000000000000000000000000000000000000000000000000000000000000000000000000000000000000000000000000000000000000000000000000000000000000000000000000000000000
0000000000000000000000000000000000000000000000000000000000000001111111111111110000010000000110000000000100000001010000000001000000010110000000010000000100100000000100000001001100000001100000110001000000001111111000011000000000000000000011000000000000000000000000000000000000000000000000000000000000000000000000000000000000000000000000000000000000000000000000000000000000000000000000000000000000000000
0000000000000000000000000000000000000000001111111111111111000010000001100000000000100000001000000000001000000010000000000011000000110000000000010000000100000000000100000001000000000001000000100000000000011000001000000000000011011100000000000000011100000000000000000000000000000000000000000000000000000000000000000000000000000000000000000000000000000000000000000000000000000000000000000000000000000000
0000000000000000000000000000000000000000000111111111111111000001000000010000000000010000000110000000000100000001100000000001000000010000000000010000000100000000000100000011000000000001000001100000000000011000010000000000000010111000000000000000111000000000000000000000000000000000000000000000000000000000000000000000000000000000000000000000000000000000000000000000000000000000000000000000000000000000
0000000000000000000000000000000000000000000000000000000000000000000000000000000000000001000000000000000111111111111100000010000100000000000000100001000000000000010000010000000000000100000100000000000001000001000000000000010000100000000000000110011000000000000000011000000000000000000000000000000000000000000000000000000000000000000000000000000000000000000000000000000000000000000000000000000000000000
0000000000000000000001111111111111111110010000000010000000000100000000100000000001000000001000000000010000000010000000000100000000100000000001000000001000000000001000000100000000000010000001000000000000010000100000000000000011110000000000000000000000000000000000000000000000000000000000000000000000000000000000000000000000000000000000000000000000000000000000000000000000000000000000000000000000000000
0000000000000000000000000000000000000000000000000000000000000000000000000000000000001111111111111110011100000001000000001000000000010000000010000000000100000000100000000001000000001000000000110000000010000000001000000000010000000110000000000010000011000000000000011111000000000000000000000000000000000000000000000000000000000000000000000000000000000000000000000000000000000000000000000000000000000000
0000000000000000000000000000000000000000000000000000000000000000000000000000000000000001111111100000000001100010000000000000110000100000000000001000001000000000000110000010000000000001000000100000000000010000001000000000000100000010000000000001100001000000000000001111110000000000000000000000000000000000000000000000000000000000000000000000000000000000000000000000000000000000000000000000000000000000
0000000000000000000000000000000000000000000000000000000000000000000000000000000000011111111111110000011000000100000000000100000001000000000010000000010000000000100000001000000000001000000010000000000001000000100000000000011000010000000000000001111000000000000000000000000000000000000000000000000000000000000000000000000000000000000000000000000000000000000000000000000000000000000000000000000000000000
0000000000000000000000000000000000000000000000000000000000000000000000000000000000000000000000000000000011111111111111100000100000100000000000010000001000000000000100000010000000000001000000100000000000010000001000000000000111001100000000000000011110000000000000000000000000000000000000000000000000000000000000000000000000000000000000000000000000000000000000000000000000000000000000000000000000000000
0000000000000000000000000000000000000000001111111111111111110000111111000000000000001110010000000000000011000100000000000000110001000000000000001000001000000000000010000010000000000001100000100000000000010000001000000000000100000110000000000001000001000000000000011000110000000000000011011000000000000000001100000000000000000000000000000000000000000000000000000000000000000000000000000000000000000000
0000000000000000000000000000000000000000000000000000000000000011111111000000000000010000011111111000000100000100000000000001000001000000000000010000010000000000000100000100000000000001000001000000000000010000100000000000000110001000000000000000111100000000000000000000000000000000000000000000000000000000000000000000000000000000000000000000000000000000000000000000000000000000000000000000000000000000
0000000000000000000000000000000000000000000000000000000000000000000000000000000000000000000000000000000000000010000000000000000001111111100000000000111000000000000000110010000000000000010000100000000000001000001000000000000010000010000000000000100001100000000000001000010000000000000011111100000000000000000000000000000000000000000000000000000000000000000000000000000000000000000000000000000000000000
